1.000000 0.000000 0.000000 4100185.148880 0.000000 1.000000 0.000000 476386.711790 0.000000 0.000000 1.000000 4846293.984609 
1.000000 0.000000 0.000000 4100185.148880 0.000000 1.000000 0.000000 476386.711790 0.000000 0.000000 1.000000 4846293.984609 
0.999988 0.000000 -0.005000 4100185.151392 0.000000 1.000000 0.000000 476386.715347 0.005000 0.000000 0.999988 4846293.982151 
0.999992 0.000000 -0.004014 4100185.153906 0.000000 1.000000 0.000000 476386.718901 0.004014 0.000000 0.999992 4846293.979691 
0.999990 0.000000 -0.004527 4100185.156419 0.000000 1.000000 0.000000 476386.722456 0.004527 0.000000 0.999990 4846293.977232 
0.999989 0.000000 -0.004665 4100185.158931 0.000000 1.000000 0.000000 476386.726012 0.004665 0.000000 0.999989 4846293.974774 
0.999988 0.000000 -0.004896 4100185.161443 0.000000 1.000000 0.000000 476386.729569 0.004896 0.000000 0.999988 4846293.972316 
0.999987 0.000000 -0.005103 4100185.163954 0.000000 1.000000 0.000000 476386.733126 0.005103 0.000000 0.999987 4846293.969858 
0.999986 0.000000 -0.005316 4100185.166464 0.000000 1.000000 0.000000 476386.736684 0.005316 0.000000 0.999986 4846293.967401 
0.999985 0.000000 -0.005527 4100185.168974 0.000000 1.000000 0.000000 476386.740243 0.005527 0.000000 0.999985 4846293.964944 
0.999984 0.000000 -0.005738 4100185.171483 0.000000 1.000000 0.000000 476386.743803 0.005738 0.000000 0.999984 4846293.962488 
0.999982 0.000000 -0.005948 4100185.173991 0.000000 1.000000 0.000000 476386.747363 0.005948 0.000000 0.999982 4846293.960032 
0.999981 0.000000 -0.006159 4100185.176499 0.000000 1.000000 0.000000 476386.750924 0.006159 0.000000 0.999981 4846293.957577 
0.999980 0.000000 -0.006369 4100185.179007 0.000000 1.000000 0.000000 476386.754486 0.006369 0.000000 0.999980 4846293.955122 
0.999978 0.000000 -0.006579 4100185.181514 0.000000 1.000000 0.000000 476386.758049 0.006579 0.000000 0.999978 4846293.952668 
0.999977 0.000000 -0.006788 4100185.184020 0.000000 1.000000 0.000000 476386.761612 0.006788 0.000000 0.999977 4846293.950214 
0.999976 0.000000 -0.006998 4100185.186525 0.000000 1.000000 0.000000 476386.765176 0.006998 0.000000 0.999976 4846293.947760 
0.999974 0.000000 -0.007207 4100185.189030 0.000000 1.000000 0.000000 476386.768741 0.007207 0.000000 0.999974 4846293.945307 
0.999973 0.000000 -0.007416 4100185.191534 0.000000 1.000000 0.000000 476386.772306 0.007416 0.000000 0.999973 4846293.942854 
0.999971 0.000000 -0.007624 4100185.194038 0.000000 1.000000 0.000000 476386.775872 0.007624 0.000000 0.999971 4846293.940402 
0.999969 0.000000 -0.007832 4100185.196541 0.000000 1.000000 0.000000 476386.779439 0.007832 0.000000 0.999969 4846293.937950 
0.999968 0.000000 -0.008040 4100185.199044 0.000000 1.000000 0.000000 476386.783007 0.008040 0.000000 0.999968 4846293.935499 
0.999966 0.000000 -0.008248 4100185.201546 0.000000 1.000000 0.000000 476386.786575 0.008248 0.000000 0.999966 4846293.933048 
0.999964 0.000000 -0.008455 4100185.204047 0.000000 1.000000 0.000000 476386.790145 0.008455 0.000000 0.999964 4846293.930597 
0.999962 0.000000 -0.008662 4100185.206548 0.000000 1.000000 0.000000 476386.793714 0.008662 0.000000 0.999962 4846293.928147 
0.999961 0.000000 -0.008869 4100185.209048 0.000000 1.000000 0.000000 476386.797285 0.008869 0.000000 0.999961 4846293.925698 
0.999959 0.000000 -0.009076 4100185.211547 0.000000 1.000000 0.000000 476386.800856 0.009076 0.000000 0.999959 4846293.923248 
0.999957 0.000000 -0.009282 4100185.214046 0.000000 1.000000 0.000000 476386.804428 0.009282 0.000000 0.999957 4846293.920800 
0.999955 0.000000 -0.009488 4100185.216544 0.000000 1.000000 0.000000 476386.808001 0.009488 0.000000 0.999955 4846293.918351 
0.999953 0.000000 -0.009693 4100185.219042 0.000000 1.000000 0.000000 476386.811574 0.009693 0.000000 0.999953 4846293.915903 
0.999951 0.000000 -0.009899 4100185.221539 0.000000 1.000000 0.000000 476386.815148 0.009899 0.000000 0.999951 4846293.913456 
0.999949 0.000000 -0.010104 4100185.224035 0.000000 1.000000 0.000000 476386.818723 0.010104 0.000000 0.999949 4846293.911009 
0.999947 0.000000 -0.010309 4100185.226531 0.000000 1.000000 0.000000 476386.822299 0.010309 0.000000 0.999947 4846293.908562 
0.999945 0.000000 -0.010513 4100185.229027 0.000000 1.000000 0.000000 476386.825875 0.010513 0.000000 0.999945 4846293.906116 
0.999943 0.000000 -0.010718 4100185.231521 0.000000 1.000000 0.000000 476386.829452 0.010718 0.000000 0.999943 4846293.903670 
0.999940 0.000000 -0.010922 4100185.234015 0.000000 1.000000 0.000000 476386.833030 0.010922 0.000000 0.999940 4846293.901225 
0.999938 0.000000 -0.011125 4100185.236509 0.000000 1.000000 0.000000 476386.836608 0.011125 0.000000 0.999938 4846293.898780 
0.999936 0.000000 -0.011329 4100185.239002 0.000000 1.000000 0.000000 476386.840187 0.011329 0.000000 0.999936 4846293.896335 
0.999934 0.000000 -0.011532 4100185.241494 0.000000 1.000000 0.000000 476386.843767 0.011532 0.000000 0.999934 4846293.893891 
0.999931 0.000000 -0.011735 4100185.243986 0.000000 1.000000 0.000000 476386.847348 0.011735 0.000000 0.999931 4846293.891448 
0.999929 0.000000 -0.011938 4100185.246477 0.000000 1.000000 0.000000 476386.850929 0.011938 0.000000 0.999929 4846293.889005 
0.999926 0.000000 -0.012140 4100185.248968 0.000000 1.000000 0.000000 476386.854511 0.012140 0.000000 0.999926 4846293.886562 
0.999924 0.000000 -0.012342 4100185.251458 0.000000 1.000000 0.000000 476386.858093 0.012342 0.000000 0.999924 4846293.884120 
0.999921 0.000000 -0.012544 4100185.253947 0.000000 1.000000 0.000000 476386.861677 0.012544 0.000000 0.999921 4846293.881678 
0.999919 0.000000 -0.012746 4100185.256436 0.000000 1.000000 0.000000 476386.865261 0.012746 0.000000 0.999919 4846293.879236 
0.999916 0.000000 -0.012947 4100185.258924 0.000000 1.000000 0.000000 476386.868845 0.012947 0.000000 0.999916 4846293.876795 
0.999914 0.000000 -0.013148 4100185.261412 0.000000 1.000000 0.000000 476386.872431 0.013148 0.000000 0.999914 4846293.874354 
0.999911 0.000000 -0.013349 4100185.263899 0.000000 1.000000 0.000000 476386.876017 0.013349 0.000000 0.999911 4846293.871914 
0.999908 0.000000 -0.013549 4100185.266385 0.000000 1.000000 0.000000 476386.879604 0.013549 0.000000 0.999908 4846293.869475 
0.999905 0.000000 -0.013749 4100185.268871 0.000000 1.000000 0.000000 476386.883191 0.013749 0.000000 0.999905 4846293.867035 
0.999903 0.000000 -0.013949 4100185.271356 0.000000 1.000000 0.000000 476386.886779 0.013949 0.000000 0.999903 4846293.864596 
0.999900 0.000000 -0.014149 4100185.273841 0.000000 1.000000 0.000000 476386.890368 0.014149 0.000000 0.999900 4846293.862158 
0.999897 0.000000 -0.014348 4100185.276325 0.000000 1.000000 0.000000 476386.893958 0.014348 0.000000 0.999897 4846293.859720 
0.999894 0.000000 -0.014547 4100185.278808 0.000000 1.000000 0.000000 476386.897548 0.014547 0.000000 0.999894 4846293.857282 
0.999891 0.000000 -0.014746 4100185.281291 0.000000 1.000000 0.000000 476386.901139 0.014746 0.000000 0.999891 4846293.854845 
0.999888 0.000000 -0.014945 4100185.283774 0.000000 1.000000 0.000000 476386.904731 0.014945 0.000000 0.999888 4846293.852408 
0.999885 0.000000 -0.015143 4100185.286256 0.000000 1.000000 0.000000 476386.908323 0.015143 0.000000 0.999885 4846293.849971 
0.999882 0.000000 -0.015341 4100185.288737 0.000000 1.000000 0.000000 476386.911916 0.015341 0.000000 0.999882 4846293.847536 
0.999879 0.000000 -0.015539 4100185.291217 0.000000 1.000000 0.000000 476386.915510 0.015539 0.000000 0.999879 4846293.845100 
0.999876 0.000000 -0.015736 4100185.293697 0.000000 1.000000 0.000000 476386.919104 0.015736 0.000000 0.999876 4846293.842665 
0.999873 0.000000 -0.015934 4100185.296177 0.000000 1.000000 0.000000 476386.922699 0.015934 0.000000 0.999873 4846293.840230 
0.999870 0.000000 -0.016131 4100185.298656 0.000000 1.000000 0.000000 476386.926295 0.016131 0.000000 0.999870 4846293.837796 
0.999867 0.000000 -0.016327 4100185.301134 0.000000 1.000000 0.000000 476386.929891 0.016327 0.000000 0.999867 4846293.835362 
0.999863 0.000000 -0.016524 4100185.303612 0.000000 1.000000 0.000000 476386.933488 0.016524 0.000000 0.999863 4846293.832928 
0.999860 0.000000 -0.016720 4100185.306089 0.000000 1.000000 0.000000 476386.937086 0.016720 0.000000 0.999860 4846293.830495 
0.999857 0.000000 -0.016916 4100185.308566 0.000000 1.000000 0.000000 476386.940684 0.016916 0.000000 0.999857 4846293.828063 
0.999854 0.000000 -0.017112 4100185.311042 0.000000 1.000000 0.000000 476386.944283 0.017112 0.000000 0.999854 4846293.825631 
0.999850 0.000000 -0.017307 4100185.313517 0.000000 1.000000 0.000000 476386.947883 0.017307 0.000000 0.999850 4846293.823199 
0.999847 0.000000 -0.017502 4100185.315992 0.000000 1.000000 0.000000 476386.951484 0.017502 0.000000 0.999847 4846293.820767 
0.999843 0.000000 -0.017697 4100185.318466 0.000000 1.000000 0.000000 476386.955085 0.017697 0.000000 0.999843 4846293.818336 
0.999840 0.000000 -0.017892 4100185.320940 0.000000 1.000000 0.000000 476386.958687 0.017892 0.000000 0.999840 4846293.815906 
0.999836 0.000000 -0.018086 4100185.323413 0.000000 1.000000 0.000000 476386.962289 0.018086 0.000000 0.999836 4846293.813476 
0.999833 0.000000 -0.018280 4100185.325886 0.000000 1.000000 0.000000 476386.965892 0.018280 0.000000 0.999833 4846293.811046 
0.999829 0.000000 -0.018474 4100185.328358 0.000000 1.000000 0.000000 476386.969496 0.018474 0.000000 0.999829 4846293.808617 
0.999826 0.000000 -0.018667 4100185.330829 0.000000 1.000000 0.000000 476386.973101 0.018667 0.000000 0.999826 4846293.806188 
0.999822 0.000000 -0.018861 4100185.333300 0.000000 1.000000 0.000000 476386.976706 0.018861 0.000000 0.999822 4846293.803759 
0.999818 0.000000 -0.019054 4100185.335770 0.000000 1.000000 0.000000 476386.980312 0.019054 0.000000 0.999818 4846293.801331 
0.999815 0.000000 -0.019247 4100185.338240 0.000000 1.000000 0.000000 476386.983918 0.019247 0.000000 0.999815 4846293.798903 
0.999811 0.000000 -0.019439 4100185.340709 0.000000 1.000000 0.000000 476386.987525 0.019439 0.000000 0.999811 4846293.796476 
0.999807 0.000000 -0.019631 4100185.343178 0.000000 1.000000 0.000000 476386.991133 0.019631 0.000000 0.999807 4846293.794049 
0.999803 0.000000 -0.019823 4100185.345646 0.000000 1.000000 0.000000 476386.994741 0.019823 0.000000 0.999803 4846293.791623 
0.999800 0.000000 -0.020015 4100185.348114 0.000000 1.000000 0.000000 476386.998351 0.020015 0.000000 0.999800 4846293.789197 
0.999796 0.000000 -0.020207 4100185.350581 0.000000 1.000000 0.000000 476387.001960 0.020207 0.000000 0.999796 4846293.786771 
0.999792 0.000000 -0.020398 4100185.353047 0.000000 1.000000 0.000000 476387.005571 0.020398 0.000000 0.999792 4846293.784346 
0.999788 0.000000 -0.020589 4100185.355513 0.000000 1.000000 0.000000 476387.009182 0.020589 0.000000 0.999788 4846293.781921 
0.999784 0.000000 -0.020780 4100185.357978 0.000000 1.000000 0.000000 476387.012794 0.020780 0.000000 0.999784 4846293.779497 
0.999780 0.000000 -0.020970 4100185.360443 0.000000 1.000000 0.000000 476387.016406 0.020970 0.000000 0.999780 4846293.777073 
0.999776 0.000000 -0.021160 4100185.362907 0.000000 1.000000 0.000000 476387.020019 0.021160 0.000000 0.999776 4846293.774649 
0.999772 0.000000 -0.021350 4100185.365370 0.000000 1.000000 0.000000 476387.023633 0.021350 0.000000 0.999772 4846293.772226 
0.999768 0.000000 -0.021540 4100185.367833 0.000000 1.000000 0.000000 476387.027247 0.021540 0.000000 0.999768 4846293.769803 
0.999764 0.000000 -0.021729 4100185.370296 0.000000 1.000000 0.000000 476387.030862 0.021729 0.000000 0.999764 4846293.767381 
0.999760 0.000000 -0.021918 4100185.372758 0.000000 1.000000 0.000000 476387.034478 0.021918 0.000000 0.999760 4846293.764959 
0.999756 0.000000 -0.022107 4100185.375219 0.000000 1.000000 0.000000 476387.038094 0.022107 0.000000 0.999756 4846293.762537 
0.999751 0.000000 -0.022296 4100185.377680 0.000000 1.000000 0.000000 476387.041711 0.022296 0.000000 0.999751 4846293.760116 
0.999747 0.000000 -0.022484 4100185.380140 0.000000 1.000000 0.000000 476387.045329 0.022484 0.000000 0.999747 4846293.757695 
0.999743 0.000000 -0.022673 4100185.382600 0.000000 1.000000 0.000000 476387.048947 0.022673 0.000000 0.999743 4846293.755275 
0.999739 0.000000 -0.022860 4100185.385059 0.000000 1.000000 0.000000 476387.052566 0.022860 0.000000 0.999739 4846293.752855 
0.999734 0.000000 -0.023048 4100185.387518 0.000000 1.000000 0.000000 476387.056185 0.023048 0.000000 0.999734 4846293.750435 
0.999730 0.000000 -0.023236 4100185.389976 0.000000 1.000000 0.000000 476387.059806 0.023236 0.000000 0.999730 4846293.748016 
0.999726 0.000000 -0.023423 4100185.392433 0.000000 1.000000 0.000000 476387.063426 0.023423 0.000000 0.999726 4846293.745597 
0.999721 0.000000 -0.023610 4100185.394890 0.000000 1.000000 0.000000 476387.067048 0.023610 0.000000 0.999721 4846293.743179 
0.999717 0.000000 -0.023796 4100185.397346 0.000000 1.000000 0.000000 476387.070670 0.023796 0.000000 0.999717 4846293.740761 
0.999712 0.000000 -0.023983 4100185.399802 0.000000 1.000000 0.000000 476387.074293 0.023983 0.000000 0.999712 4846293.738343 
0.999708 0.000000 -0.024169 4100185.402258 0.000000 1.000000 0.000000 476387.077916 0.024169 0.000000 0.999708 4846293.735926 
0.999703 0.000000 -0.024355 4100185.404712 0.000000 1.000000 0.000000 476387.081540 0.024355 0.000000 0.999703 4846293.733509 
0.999699 0.000000 -0.024540 4100185.407166 0.000000 1.000000 0.000000 476387.085165 0.024540 0.000000 0.999699 4846293.731093 
0.999694 0.000000 -0.024726 4100185.409620 0.000000 1.000000 0.000000 476387.088790 0.024726 0.000000 0.999694 4846293.728677 
0.999690 0.000000 -0.024911 4100185.412073 0.000000 1.000000 0.000000 476387.092416 0.024911 0.000000 0.999690 4846293.726262 
0.999685 0.000000 -0.025096 4100185.414526 0.000000 1.000000 0.000000 476387.096042 0.025096 0.000000 0.999685 4846293.723846 
0.999680 0.000000 -0.025280 4100185.416978 0.000000 1.000000 0.000000 476387.099670 0.025280 0.000000 0.999680 4846293.721432 
0.999676 0.000000 -0.025465 4100185.419429 0.000000 1.000000 0.000000 476387.103297 0.025465 0.000000 0.999676 4846293.719017 
0.999671 0.000000 -0.025649 4100185.421880 0.000000 1.000000 0.000000 476387.106926 0.025649 0.000000 0.999671 4846293.716603 
0.999666 0.000000 -0.025833 4100185.424330 0.000000 1.000000 0.000000 476387.110555 0.025833 0.000000 0.999666 4846293.714190 
0.999662 0.000000 -0.026016 4100185.426780 0.000000 1.000000 0.000000 476387.114185 0.026016 0.000000 0.999662 4846293.711776 
0.999657 0.000000 -0.026200 4100185.429230 0.000000 1.000000 0.000000 476387.117815 0.026200 0.000000 0.999657 4846293.709364 
0.999652 0.000000 -0.026383 4100185.431678 0.000000 1.000000 0.000000 476387.121446 0.026383 0.000000 0.999652 4846293.706951 
0.999647 0.000000 -0.026566 4100185.434127 0.000000 1.000000 0.000000 476387.125078 0.026566 0.000000 0.999647 4846293.704539 
0.999642 0.000000 -0.026749 4100185.436574 0.000000 1.000000 0.000000 476387.128710 0.026749 0.000000 0.999642 4846293.702128 
0.999637 0.000000 -0.026931 4100185.439021 0.000000 1.000000 0.000000 476387.132343 0.026931 0.000000 0.999637 4846293.699716 
0.999632 0.000000 -0.027113 4100185.441468 0.000000 1.000000 0.000000 476387.135976 0.027113 0.000000 0.999632 4846293.697305 
0.999627 0.000000 -0.027295 4100185.443914 0.000000 1.000000 0.000000 476387.139610 0.027295 0.000000 0.999627 4846293.694895 
0.999622 0.000000 -0.027477 4100185.446360 0.000000 1.000000 0.000000 476387.143245 0.027477 0.000000 0.999622 4846293.692485 
0.999617 0.000000 -0.027658 4100185.448805 0.000000 1.000000 0.000000 476387.146880 0.027658 0.000000 0.999617 4846293.690075 
0.999612 0.000000 -0.027839 4100185.451249 0.000000 1.000000 0.000000 476387.150516 0.027839 0.000000 0.999612 4846293.687666 
0.999607 0.000000 -0.028020 4100185.453693 0.000000 1.000000 0.000000 476387.154153 0.028020 0.000000 0.999607 4846293.685257 
0.999602 0.000000 -0.028201 4100185.456136 0.000000 1.000000 0.000000 476387.157790 0.028201 0.000000 0.999602 4846293.682849 
0.999597 0.000000 -0.028382 4100185.458579 0.000000 1.000000 0.000000 476387.161428 0.028382 0.000000 0.999597 4846293.680440 
0.999592 0.000000 -0.028562 4100185.461021 0.000000 1.000000 0.000000 476387.165066 0.028562 0.000000 0.999592 4846293.678033 
0.999587 0.000000 -0.028742 4100185.463463 0.000000 1.000000 0.000000 476387.168705 0.028742 0.000000 0.999587 4846293.675625 
0.999582 0.000000 -0.028922 4100185.465904 0.000000 1.000000 0.000000 476387.172345 0.028922 0.000000 0.999582 4846293.673218 
0.999576 0.000000 -0.029101 4100185.468345 0.000000 1.000000 0.000000 476387.175985 0.029101 0.000000 0.999576 4846293.670812 
0.999571 0.000000 -0.029280 4100185.470785 0.000000 1.000000 0.000000 476387.179626 0.029280 0.000000 0.999571 4846293.668406 
0.999566 0.000000 -0.029459 4100185.473225 0.000000 1.000000 0.000000 476387.183267 0.029459 0.000000 0.999566 4846293.666000 
0.999561 0.000000 -0.029638 4100185.475664 0.000000 1.000000 0.000000 476387.186909 0.029638 0.000000 0.999561 4846293.663594 
0.999555 0.000000 -0.029817 4100185.478103 0.000000 1.000000 0.000000 476387.190552 0.029817 0.000000 0.999555 4846293.661189 
0.999550 0.000000 -0.029995 4100185.480541 0.000000 1.000000 0.000000 476387.194195 0.029995 0.000000 0.999550 4846293.658785 
0.999545 0.000000 -0.030173 4100185.482978 0.000000 1.000000 0.000000 476387.197839 0.030173 0.000000 0.999545 4846293.656381 
0.999539 0.000000 -0.030351 4100185.485415 0.000000 1.000000 0.000000 476387.201484 0.030351 0.000000 0.999539 4846293.653977 
0.999534 0.000000 -0.030528 4100185.487852 0.000000 1.000000 0.000000 476387.205129 0.030528 0.000000 0.999534 4846293.651573 
0.999528 0.000000 -0.030706 4100185.490288 0.000000 1.000000 0.000000 476387.208774 0.030706 0.000000 0.999528 4846293.649170 
0.999523 0.000000 -0.030883 4100185.492723 0.000000 1.000000 0.000000 476387.212421 0.030883 0.000000 0.999523 4846293.646767 
0.999518 0.000000 -0.031060 4100185.495158 0.000000 1.000000 0.000000 476387.216068 0.031060 0.000000 0.999518 4846293.644365 
0.999512 0.000000 -0.031236 4100185.497593 0.000000 1.000000 0.000000 476387.219715 0.031236 0.000000 0.999512 4846293.641963 
0.999507 0.000000 -0.031413 4100185.500026 0.000000 1.000000 0.000000 476387.223363 0.031413 0.000000 0.999507 4846293.639561 
0.999501 0.000000 -0.031589 4100185.502460 0.000000 1.000000 0.000000 476387.227012 0.031589 0.000000 0.999501 4846293.637160 
0.999495 0.000000 -0.031765 4100185.504893 0.000000 1.000000 0.000000 476387.230661 0.031765 0.000000 0.999495 4846293.634759 
0.999490 0.000000 -0.031940 4100185.507325 0.000000 1.000000 0.000000 476387.234311 0.031940 0.000000 0.999490 4846293.632359 
0.999484 0.000000 -0.032116 4100185.509757 0.000000 1.000000 0.000000 476387.237962 0.032116 0.000000 0.999484 4846293.629959 
0.999479 0.000000 -0.032291 4100185.512188 0.000000 1.000000 0.000000 476387.241613 0.032291 0.000000 0.999479 4846293.627559 
0.999473 0.000000 -0.032466 4100185.514619 0.000000 1.000000 0.000000 476387.245264 0.032466 0.000000 0.999473 4846293.625160 
0.999467 0.000000 -0.032641 4100185.517049 0.000000 1.000000 0.000000 476387.248917 0.032641 0.000000 0.999467 4846293.622761 
0.999461 0.000000 -0.032815 4100185.519479 0.000000 1.000000 0.000000 476387.252570 0.032815 0.000000 0.999461 4846293.620362 
0.999456 0.000000 -0.032990 4100185.521908 0.000000 1.000000 0.000000 476387.256223 0.032990 0.000000 0.999456 4846293.617964 
0.999450 0.000000 -0.033164 4100185.524336 0.000000 1.000000 0.000000 476387.259877 0.033164 0.000000 0.999450 4846293.615566 
0.999444 0.000000 -0.033337 4100185.526765 0.000000 1.000000 0.000000 476387.263532 0.033337 0.000000 0.999444 4846293.613169 
0.999438 0.000000 -0.033511 4100185.529192 0.000000 1.000000 0.000000 476387.267187 0.033511 0.000000 0.999438 4846293.610772 
0.999433 0.000000 -0.033684 4100185.531619 0.000000 1.000000 0.000000 476387.270843 0.033684 0.000000 0.999433 4846293.608375 
0.999427 0.000000 -0.033857 4100185.534046 0.000000 1.000000 0.000000 476387.274499 0.033857 0.000000 0.999427 4846293.605979 
0.999421 0.000000 -0.034030 4100185.536472 0.000000 1.000000 0.000000 476387.278156 0.034030 0.000000 0.999421 4846293.603583 
0.999415 0.000000 -0.034203 4100185.538898 0.000000 1.000000 0.000000 476387.281814 0.034203 0.000000 0.999415 4846293.601188 
0.999409 0.000000 -0.034375 4100185.541323 0.000000 1.000000 0.000000 476387.285472 0.034375 0.000000 0.999409 4846293.598792 
0.999403 0.000000 -0.034547 4100185.543747 0.000000 1.000000 0.000000 476387.289131 0.034547 0.000000 0.999403 4846293.596398 
0.999397 0.000000 -0.034719 4100185.546171 0.000000 1.000000 0.000000 476387.292790 0.034719 0.000000 0.999397 4846293.594003 
0.999391 0.000000 -0.034891 4100185.548595 0.000000 1.000000 0.000000 476387.296450 0.034891 0.000000 0.999391 4846293.591609 
0.999385 0.000000 -0.035063 4100185.551018 0.000000 1.000000 0.000000 476387.300110 0.035063 0.000000 0.999385 4846293.589215 
0.999379 0.000000 -0.035234 4100185.553440 0.000000 1.000000 0.000000 476387.303772 0.035234 0.000000 0.999379 4846293.586822 
0.999373 0.000000 -0.035405 4100185.555862 0.000000 1.000000 0.000000 476387.307433 0.035405 0.000000 0.999373 4846293.584429 
0.999367 0.000000 -0.035576 4100185.558284 0.000000 1.000000 0.000000 476387.311095 0.035576 0.000000 0.999367 4846293.582037 
0.999361 0.000000 -0.035746 4100185.560705 0.000000 1.000000 0.000000 476387.314758 0.035746 0.000000 0.999361 4846293.579644 
0.999355 0.000000 -0.035917 4100185.563125 0.000000 1.000000 0.000000 476387.318422 0.035917 0.000000 0.999355 4846293.577253 
0.999349 0.000000 -0.036087 4100185.565545 0.000000 1.000000 0.000000 476387.322086 0.036087 0.000000 0.999349 4846293.574861 
0.999343 0.000000 -0.036256 4100185.567965 0.000000 1.000000 0.000000 476387.325750 0.036256 0.000000 0.999343 4846293.572470 
0.999336 0.000000 -0.036426 4100185.570384 0.000000 1.000000 0.000000 476387.329415 0.036426 0.000000 0.999336 4846293.570079 
0.999330 0.000000 -0.036596 4100185.572802 0.000000 1.000000 0.000000 476387.333081 0.036596 0.000000 0.999330 4846293.567689 
0.999324 0.000000 -0.036765 4100185.575220 0.000000 1.000000 0.000000 476387.336747 0.036765 0.000000 0.999324 4846293.565299 
0.999318 0.000000 -0.036934 4100185.577638 0.000000 1.000000 0.000000 476387.340414 0.036934 0.000000 0.999318 4846293.562909 
0.999311 0.000000 -0.037102 4100185.580055 0.000000 1.000000 0.000000 476387.344081 0.037102 0.000000 0.999311 4846293.560520 
0.999305 0.000000 -0.037271 4100185.582471 0.000000 1.000000 0.000000 476387.347749 0.037271 0.000000 0.999305 4846293.558131 
0.999299 0.000000 -0.037439 4100185.584887 0.000000 1.000000 0.000000 476387.351418 0.037439 0.000000 0.999299 4846293.555743 
0.999293 0.000000 -0.037607 4100185.587302 0.000000 1.000000 0.000000 476387.355087 0.037607 0.000000 0.999293 4846293.553355 
0.999286 0.000000 -0.037775 4100185.589717 0.000000 1.000000 0.000000 476387.358757 0.037775 0.000000 0.999286 4846293.550967 
0.999280 0.000000 -0.037943 4100185.592132 0.000000 1.000000 0.000000 476387.362427 0.037943 0.000000 0.999280 4846293.548579 
0.999274 0.000000 -0.038110 4100185.594546 0.000000 1.000000 0.000000 476387.366098 0.038110 0.000000 0.999274 4846293.546192 
0.999267 0.000000 -0.038277 4100185.596959 0.000000 1.000000 0.000000 476387.369769 0.038277 0.000000 0.999267 4846293.543806 
0.999261 0.000000 -0.038444 4100185.599372 0.000000 1.000000 0.000000 476387.373441 0.038444 0.000000 0.999261 4846293.541419 
0.999254 0.000000 -0.038611 4100185.601785 0.000000 1.000000 0.000000 476387.377114 0.038611 0.000000 0.999254 4846293.539033 
0.999248 0.000000 -0.038777 4100185.604197 0.000000 1.000000 0.000000 476387.380787 0.038777 0.000000 0.999248 4846293.536648 
0.999241 0.000000 -0.038944 4100185.606608 0.000000 1.000000 0.000000 476387.384460 0.038944 0.000000 0.999241 4846293.534262 
0.999235 0.000000 -0.039110 4100185.609019 0.000000 1.000000 0.000000 476387.388134 0.039110 0.000000 0.999235 4846293.531878 
0.999228 0.000000 -0.039276 4100185.611430 0.000000 1.000000 0.000000 476387.391809 0.039276 0.000000 0.999228 4846293.529493 
0.999222 0.000000 -0.039441 4100185.613840 0.000000 1.000000 0.000000 476387.395484 0.039441 0.000000 0.999222 4846293.527109 
0.999215 0.000000 -0.039607 4100185.616249 0.000000 1.000000 0.000000 476387.399160 0.039607 0.000000 0.999215 4846293.524725 
0.999209 0.000000 -0.039772 4100185.618658 0.000000 1.000000 0.000000 476387.402837 0.039772 0.000000 0.999209 4846293.522342 
0.999202 0.000000 -0.039937 4100185.621066 0.000000 1.000000 0.000000 476387.406514 0.039937 0.000000 0.999202 4846293.519959 
0.999196 0.000000 -0.040101 4100185.623474 0.000000 1.000000 0.000000 476387.410191 0.040101 0.000000 0.999196 4846293.517576 
0.999189 0.000000 -0.040266 4100185.625882 0.000000 1.000000 0.000000 476387.413869 0.040266 0.000000 0.999189 4846293.515193 
0.999182 0.000000 -0.040430 4100185.628289 0.000000 1.000000 0.000000 476387.417548 0.040430 0.000000 0.999182 4846293.512811 
0.999176 0.000000 -0.040594 4100185.630696 0.000000 1.000000 0.000000 476387.421227 0.040594 0.000000 0.999176 4846293.510430 
0.999169 0.000000 -0.040758 4100185.633102 0.000000 1.000000 0.000000 476387.424907 0.040758 0.000000 0.999169 4846293.508048 
0.999162 0.000000 -0.040922 4100185.635507 0.000000 1.000000 0.000000 476387.428587 0.040922 0.000000 0.999162 4846293.505668 
0.999156 0.000000 -0.041085 4100185.637912 0.000000 1.000000 0.000000 476387.432268 0.041085 0.000000 0.999156 4846293.503287 
0.999149 0.000000 -0.041248 4100185.640317 0.000000 1.000000 0.000000 476387.435949 0.041248 0.000000 0.999149 4846293.500907 
0.999142 0.000000 -0.041411 4100185.642721 0.000000 1.000000 0.000000 476387.439631 0.041411 0.000000 0.999142 4846293.498527 
0.999135 0.000000 -0.041574 4100185.645124 0.000000 1.000000 0.000000 476387.443314 0.041574 0.000000 0.999135 4846293.496147 
0.999129 0.000000 -0.041736 4100185.647528 0.000000 1.000000 0.000000 476387.446997 0.041736 0.000000 0.999129 4846293.493768 
0.999122 0.000000 -0.041899 4100185.649930 0.000000 1.000000 0.000000 476387.450680 0.041899 0.000000 0.999122 4846293.491389 
0.999115 0.000000 -0.042061 4100185.652332 0.000000 1.000000 0.000000 476387.454364 0.042061 0.000000 0.999115 4846293.489011 
0.999108 0.000000 -0.042223 4100185.654734 0.000000 1.000000 0.000000 476387.458049 0.042223 0.000000 0.999108 4846293.486633 
0.999101 0.000000 -0.042384 4100185.657135 0.000000 1.000000 0.000000 476387.461734 0.042384 0.000000 0.999101 4846293.484255 
0.999095 0.000000 -0.042546 4100185.659536 0.000000 1.000000 0.000000 476387.465420 0.042546 0.000000 0.999095 4846293.481878 
0.999088 0.000000 -0.042707 4100185.661936 0.000000 1.000000 0.000000 476387.469106 0.042707 0.000000 0.999088 4846293.479501 
0.999081 0.000000 -0.042868 4100185.664336 0.000000 1.000000 0.000000 476387.472793 0.042868 0.000000 0.999081 4846293.477124 
0.999074 0.000000 -0.043029 4100185.666735 0.000000 1.000000 0.000000 476387.476480 0.043029 0.000000 0.999074 4846293.474748 
0.999067 0.000000 -0.043189 4100185.669134 0.000000 1.000000 0.000000 476387.480168 0.043189 0.000000 0.999067 4846293.472372 
0.999060 0.000000 -0.043350 4100185.671532 0.000000 1.000000 0.000000 476387.483857 0.043350 0.000000 0.999060 4846293.469996 
0.999053 0.000000 -0.043510 4100185.673930 0.000000 1.000000 0.000000 476387.487546 0.043510 0.000000 0.999053 4846293.467621 
0.999046 0.000000 -0.043670 4100185.676327 0.000000 1.000000 0.000000 476387.491235 0.043670 0.000000 0.999046 4846293.465246 
0.999039 0.000000 -0.043829 4100185.678724 0.000000 1.000000 0.000000 476387.494925 0.043829 0.000000 0.999039 4846293.462871 
0.999032 0.000000 -0.043989 4100185.681121 0.000000 1.000000 0.000000 476387.498616 0.043989 0.000000 0.999032 4846293.460497 
0.999025 0.000000 -0.044148 4100185.683516 0.000000 1.000000 0.000000 476387.502307 0.044148 0.000000 0.999025 4846293.458123 
0.999018 0.000000 -0.044307 4100185.685912 0.000000 1.000000 0.000000 476387.505999 0.044307 0.000000 0.999018 4846293.455750 
0.999011 0.000000 -0.044466 4100185.688307 0.000000 1.000000 0.000000 476387.509691 0.044466 0.000000 0.999011 4846293.453377 
0.999004 0.000000 -0.044625 4100185.690701 0.000000 1.000000 0.000000 476387.513384 0.044625 0.000000 0.999004 4846293.451004 
0.998997 0.000000 -0.044783 4100185.693095 0.000000 1.000000 0.000000 476387.517077 0.044783 0.000000 0.998997 4846293.448631 
0.998990 0.000000 -0.044941 4100185.695489 0.000000 1.000000 0.000000 476387.520771 0.044941 0.000000 0.998990 4846293.446259 
0.998983 0.000000 -0.045099 4100185.697882 0.000000 1.000000 0.000000 476387.524465 0.045099 0.000000 0.998983 4846293.443887 
0.998975 0.000000 -0.045257 4100185.700274 0.000000 1.000000 0.000000 476387.528160 0.045257 0.000000 0.998975 4846293.441516 
0.998968 0.000000 -0.045415 4100185.702666 0.000000 1.000000 0.000000 476387.531855 0.045415 0.000000 0.998968 4846293.439145 
0.998961 0.000000 -0.045572 4100185.705058 0.000000 1.000000 0.000000 476387.535551 0.045572 0.000000 0.998961 4846293.436774 
0.998954 0.000000 -0.045729 4100185.707449 0.000000 1.000000 0.000000 476387.539248 0.045729 0.000000 0.998954 4846293.434404 
0.998947 0.000000 -0.045886 4100185.709840 0.000000 1.000000 0.000000 476387.542945 0.045886 0.000000 0.998947 4846293.432034 
0.998939 0.000000 -0.046043 4100185.712230 0.000000 1.000000 0.000000 476387.546642 0.046043 0.000000 0.998939 4846293.429664 
0.998932 0.000000 -0.046200 4100185.714620 0.000000 1.000000 0.000000 476387.550340 0.046200 0.000000 0.998932 4846293.427295 
0.998925 0.000000 -0.046356 4100185.717009 0.000000 1.000000 0.000000 476387.554039 0.046356 0.000000 0.998925 4846293.424926 
0.998918 0.000000 -0.046512 4100185.719398 0.000000 1.000000 0.000000 476387.557738 0.046512 0.000000 0.998918 4846293.422557 
0.998910 0.000000 -0.046668 4100185.721786 0.000000 1.000000 0.000000 476387.561437 0.046668 0.000000 0.998910 4846293.420189 
0.998903 0.000000 -0.046824 4100185.724174 0.000000 1.000000 0.000000 476387.565137 0.046824 0.000000 0.998903 4846293.417821 
0.998896 0.000000 -0.046979 4100185.726562 0.000000 1.000000 0.000000 476387.568838 0.046979 0.000000 0.998896 4846293.415453 
0.998889 0.000000 -0.047134 4100185.728948 0.000000 1.000000 0.000000 476387.572539 0.047134 0.000000 0.998889 4846293.413086 
0.998881 0.000000 -0.047289 4100185.731335 0.000000 1.000000 0.000000 476387.576241 0.047289 0.000000 0.998881 4846293.410719 
0.998874 0.000000 -0.047444 4100185.733721 0.000000 1.000000 0.000000 476387.579943 0.047444 0.000000 0.998874 4846293.408352 
0.998867 0.000000 -0.047599 4100185.736106 0.000000 1.000000 0.000000 476387.583646 0.047599 0.000000 0.998867 4846293.405986 
0.998859 0.000000 -0.047753 4100185.738492 0.000000 1.000000 0.000000 476387.587349 0.047753 0.000000 0.998859 4846293.403620 
0.998852 0.000000 -0.047908 4100185.740876 0.000000 1.000000 0.000000 476387.591052 0.047908 0.000000 0.998852 4846293.401254 
0.998844 0.000000 -0.048062 4100185.743260 0.000000 1.000000 0.000000 476387.594757 0.048062 0.000000 0.998844 4846293.398889 
0.998837 0.000000 -0.048216 4100185.745644 0.000000 1.000000 0.000000 476387.598461 0.048216 0.000000 0.998837 4846293.396524 
0.998830 0.000000 -0.048369 4100185.748027 0.000000 1.000000 0.000000 476387.602167 0.048369 0.000000 0.998830 4846293.394159 
0.998822 0.000000 -0.048523 4100185.750410 0.000000 1.000000 0.000000 476387.605872 0.048523 0.000000 0.998822 4846293.391795 
0.998815 0.000000 -0.048676 4100185.752792 0.000000 1.000000 0.000000 476387.609579 0.048676 0.000000 0.998815 4846293.389431 
0.998807 0.000000 -0.048829 4100185.755174 0.000000 1.000000 0.000000 476387.613286 0.048829 0.000000 0.998807 4846293.387068 
0.998800 0.000000 -0.048982 4100185.757555 0.000000 1.000000 0.000000 476387.616993 0.048982 0.000000 0.998800 4846293.384704 
0.998792 0.000000 -0.049134 4100185.759936 0.000000 1.000000 0.000000 476387.620701 0.049134 0.000000 0.998792 4846293.382341 
0.998785 0.000000 -0.049287 4100185.762317 0.000000 1.000000 0.000000 476387.624409 0.049287 0.000000 0.998785 4846293.379979 
0.998777 0.000000 -0.049439 4100185.764697 0.000000 1.000000 0.000000 476387.628118 0.049439 0.000000 0.998777 4846293.377617 
0.998770 0.000000 -0.049591 4100185.767076 0.000000 1.000000 0.000000 476387.631827 0.049591 0.000000 0.998770 4846293.375255 
0.998762 0.000000 -0.049743 4100185.769455 0.000000 1.000000 0.000000 476387.635537 0.049743 0.000000 0.998762 4846293.372893 
0.998755 0.000000 -0.049894 4100185.771834 0.000000 1.000000 0.000000 476387.639247 0.049894 0.000000 0.998755 4846293.370532 
0.998747 0.000000 -0.050046 4100185.774212 0.000000 1.000000 0.000000 476387.642958 0.050046 0.000000 0.998747 4846293.368171 
0.998739 0.000000 -0.050197 4100185.776590 0.000000 1.000000 0.000000 476387.646670 0.050197 0.000000 0.998739 4846293.365810 
0.998732 0.000000 -0.050348 4100185.778967 0.000000 1.000000 0.000000 476387.650381 0.050348 0.000000 0.998732 4846293.363450 
0.998724 0.000000 -0.050499 4100185.781344 0.000000 1.000000 0.000000 476387.654094 0.050499 0.000000 0.998724 4846293.361090 
0.998717 0.000000 -0.050649 4100185.783720 0.000000 1.000000 0.000000 476387.657807 0.050649 0.000000 0.998717 4846293.358731 
0.998709 0.000000 -0.050800 4100185.786096 0.000000 1.000000 0.000000 476387.661520 0.050800 0.000000 0.998709 4846293.356371 
0.998701 0.000000 -0.050950 4100185.788472 0.000000 1.000000 0.000000 476387.665234 0.050950 0.000000 0.998701 4846293.354012 
0.998694 0.000000 -0.051100 4100185.790847 0.000000 1.000000 0.000000 476387.668948 0.051100 0.000000 0.998694 4846293.351654 
0.998686 0.000000 -0.051250 4100185.793221 0.000000 1.000000 0.000000 476387.672663 0.051250 0.000000 0.998686 4846293.349296 
0.998678 0.000000 -0.051399 4100185.795595 0.000000 1.000000 0.000000 476387.676378 0.051399 0.000000 0.998678 4846293.346938 
0.998670 0.000000 -0.051548 4100185.797969 0.000000 1.000000 0.000000 476387.680094 0.051548 0.000000 0.998670 4846293.344580 
0.998663 0.000000 -0.051698 4100185.800342 0.000000 1.000000 0.000000 476387.683811 0.051698 0.000000 0.998663 4846293.342223 
0.998655 0.000000 -0.051847 4100185.802715 0.000000 1.000000 0.000000 476387.687528 0.051847 0.000000 0.998655 4846293.339866 
0.998647 0.000000 -0.051995 4100185.805087 0.000000 1.000000 0.000000 476387.691245 0.051995 0.000000 0.998647 4846293.337509 
0.998640 0.000000 -0.052144 4100185.807459 0.000000 1.000000 0.000000 476387.694963 0.052144 0.000000 0.998640 4846293.335153 
0.998632 0.000000 -0.052292 4100185.809830 0.000000 1.000000 0.000000 476387.698681 0.052292 0.000000 0.998632 4846293.332797 
0.998624 0.000000 -0.052441 4100185.812201 0.000000 1.000000 0.000000 476387.702400 0.052441 0.000000 0.998624 4846293.330442 
0.998616 0.000000 -0.052589 4100185.814572 0.000000 1.000000 0.000000 476387.706119 0.052589 0.000000 0.998616 4846293.328086 
0.998608 0.000000 -0.052736 4100185.816942 0.000000 1.000000 0.000000 476387.709839 0.052736 0.000000 0.998608 4846293.325731 
0.998601 0.000000 -0.052884 4100185.819312 0.000000 1.000000 0.000000 476387.713559 0.052884 0.000000 0.998601 4846293.323377 
0.998593 0.000000 -0.053031 4100185.821681 0.000000 1.000000 0.000000 476387.717280 0.053031 0.000000 0.998593 4846293.321022 
0.998585 0.000000 -0.053179 4100185.824049 0.000000 1.000000 0.000000 476387.721001 0.053179 0.000000 0.998585 4846293.318668 
0.998577 0.000000 -0.053326 4100185.826418 0.000000 1.000000 0.000000 476387.724723 0.053326 0.000000 0.998577 4846293.316315 
0.998569 0.000000 -0.053472 4100185.828786 0.000000 1.000000 0.000000 476387.728445 0.053472 0.000000 0.998569 4846293.313961 
0.998561 0.000000 -0.053619 4100185.831153 0.000000 1.000000 0.000000 476387.732168 0.053619 0.000000 0.998561 4846293.311608 
0.998554 0.000000 -0.053765 4100185.833520 0.000000 1.000000 0.000000 476387.735891 0.053765 0.000000 0.998554 4846293.309256 
0.998546 0.000000 -0.053912 4100185.835886 0.000000 1.000000 0.000000 476387.739615 0.053912 0.000000 0.998546 4846293.306903 
0.998538 0.000000 -0.054058 4100185.838252 0.000000 1.000000 0.000000 476387.743339 0.054058 0.000000 0.998538 4846293.304551 
0.998530 0.000000 -0.054203 4100185.840618 0.000000 1.000000 0.000000 476387.747064 0.054203 0.000000 0.998530 4846293.302200 
0.998522 0.000000 -0.054349 4100185.842983 0.000000 1.000000 0.000000 476387.750789 0.054349 0.000000 0.998522 4846293.299848 
0.998514 0.000000 -0.054495 4100185.845348 0.000000 1.000000 0.000000 476387.754515 0.054495 0.000000 0.998514 4846293.297497 
0.998506 0.000000 -0.054640 4100185.847712 0.000000 1.000000 0.000000 476387.758241 0.054640 0.000000 0.998506 4846293.295146 
0.998498 0.000000 -0.054785 4100185.850076 0.000000 1.000000 0.000000 476387.761968 0.054785 0.000000 0.998498 4846293.292796 
0.998490 0.000000 -0.054930 4100185.852440 0.000000 1.000000 0.000000 476387.765695 0.054930 0.000000 0.998490 4846293.290446 
0.998482 0.000000 -0.055074 4100185.854803 0.000000 1.000000 0.000000 476387.769422 0.055074 0.000000 0.998482 4846293.288096 
0.998474 0.000000 -0.055219 4100185.857165 0.000000 1.000000 0.000000 476387.773150 0.055219 0.000000 0.998474 4846293.285747 
0.998466 0.000000 -0.055363 4100185.859527 0.000000 1.000000 0.000000 476387.776879 0.055363 0.000000 0.998466 4846293.283398 
0.998458 0.000000 -0.055507 4100185.861889 0.000000 1.000000 0.000000 476387.780608 0.055507 0.000000 0.998458 4846293.281049 
0.998450 0.000000 -0.055651 4100185.864250 0.000000 1.000000 0.000000 476387.784337 0.055651 0.000000 0.998450 4846293.278700 
0.998442 0.000000 -0.055795 4100185.866611 0.000000 1.000000 0.000000 476387.788067 0.055795 0.000000 0.998442 4846293.276352 
0.998434 0.000000 -0.055938 4100185.868971 0.000000 1.000000 0.000000 476387.791798 0.055938 0.000000 0.998434 4846293.274004 
0.998426 0.000000 -0.056082 4100185.871331 0.000000 1.000000 0.000000 476387.795529 0.056082 0.000000 0.998426 4846293.271657 
0.998418 0.000000 -0.056225 4100185.873691 0.000000 1.000000 0.000000 476387.799260 0.056225 0.000000 0.998418 4846293.269309 
0.998410 0.000000 -0.056368 4100185.876050 0.000000 1.000000 0.000000 476387.802992 0.056368 0.000000 0.998410 4846293.266963 
0.998402 0.000000 -0.056511 4100185.878408 0.000000 1.000000 0.000000 476387.806724 0.056511 0.000000 0.998402 4846293.264616 
0.998394 0.000000 -0.056653 4100185.880767 0.000000 1.000000 0.000000 476387.810457 0.056653 0.000000 0.998394 4846293.262270 
0.998386 0.000000 -0.056795 4100185.883124 0.000000 1.000000 0.000000 476387.814190 0.056795 0.000000 0.998386 4846293.259924 
0.998378 0.000000 -0.056938 4100185.885482 0.000000 1.000000 0.000000 476387.817924 0.056938 0.000000 0.998378 4846293.257578 
0.998370 0.000000 -0.057080 4100185.887839 0.000000 1.000000 0.000000 476387.821658 0.057080 0.000000 0.998370 4846293.255233 
0.998362 0.000000 -0.057221 4100185.890195 0.000000 1.000000 0.000000 476387.825393 0.057221 0.000000 0.998362 4846293.252888 
0.998353 0.000000 -0.057363 4100185.892551 0.000000 1.000000 0.000000 476387.829128 0.057363 0.000000 0.998353 4846293.250543 
0.998345 0.000000 -0.057505 4100185.894907 0.000000 1.000000 0.000000 476387.832864 0.057505 0.000000 0.998345 4846293.248199 
0.998337 0.000000 -0.057646 4100185.897262 0.000000 1.000000 0.000000 476387.836600 0.057646 0.000000 0.998337 4846293.245855 
0.998329 0.000000 -0.057787 4100185.899617 0.000000 1.000000 0.000000 476387.840337 0.057787 0.000000 0.998329 4846293.243511 
0.998321 0.000000 -0.057928 4100185.901971 0.000000 1.000000 0.000000 476387.844074 0.057928 0.000000 0.998321 4846293.241167 
0.998313 0.000000 -0.058068 4100185.904325 0.000000 1.000000 0.000000 476387.847811 0.058068 0.000000 0.998313 4846293.238824 
0.998304 0.000000 -0.058209 4100185.906679 0.000000 1.000000 0.000000 476387.851549 0.058209 0.000000 0.998304 4846293.236481 
