1.000000 0.000000 0.000000 4100185.148880 0.000000 1.000000 0.000000 476386.711790 0.000000 0.000000 1.000000 4846293.984609 
0.994397 0.000000 -0.105711 4100185.149057 0.000000 1.000000 0.000000 476386.712101 0.105711 0.000000 0.994397 4846293.984430 
0.998865 0.000000 -0.047641 4100185.149248 0.000000 1.000000 0.000000 476386.712398 0.047641 0.000000 0.998865 4846293.984241 
0.995048 0.000000 -0.099392 4100185.149604 0.000000 1.000000 0.000000 476386.713017 0.099392 0.000000 0.995048 4846293.983881 
0.997190 0.000000 -0.074916 4100185.149972 0.000000 1.000000 0.000000 476386.713624 0.074916 0.000000 0.997190 4846293.983512 
0.994883 0.000000 -0.101038 4100185.150506 0.000000 1.000000 0.000000 476386.714554 0.101038 0.000000 0.994883 4846293.982973 
0.995797 0.000000 -0.091586 4100185.151046 0.000000 1.000000 0.000000 476386.715477 0.091586 0.000000 0.995797 4846293.982429 
0.994435 0.000000 -0.105355 4100185.151752 0.000000 1.000000 0.000000 476386.716722 0.105355 0.000000 0.994435 4846293.981714 
0.994739 0.000000 -0.102440 4100185.152462 0.000000 1.000000 0.000000 476386.717964 0.102440 0.000000 0.994739 4846293.980996 
0.993919 0.000000 -0.110113 4100185.153339 0.000000 1.000000 0.000000 476386.719526 0.110113 0.000000 0.993919 4846293.980107 
0.993943 0.000000 -0.109900 4100185.154216 0.000000 1.000000 0.000000 476386.721087 0.109900 0.000000 0.993943 4846293.979217 
0.993428 0.000000 -0.114459 4100185.155262 0.000000 1.000000 0.000000 476386.722968 0.114459 0.000000 0.993428 4846293.978155 
0.993337 0.000000 -0.115243 4100185.156306 0.000000 1.000000 0.000000 476386.724850 0.115243 0.000000 0.993337 4846293.977093 
0.992998 0.000000 -0.118134 4100185.157520 0.000000 1.000000 0.000000 476386.727051 0.118134 0.000000 0.992998 4846293.975858 
0.992872 0.000000 -0.119182 4100185.158732 0.000000 1.000000 0.000000 476386.729253 0.119182 0.000000 0.992872 4846293.974625 
0.992637 0.000000 -0.121126 4100185.160113 0.000000 1.000000 0.000000 476386.731774 0.121126 0.000000 0.992637 4846293.973218 
0.992512 0.000000 -0.122144 4100185.161491 0.000000 1.000000 0.000000 476386.734297 0.122144 0.000000 0.992512 4846293.971813 
0.992343 0.000000 -0.123514 4100185.163039 0.000000 1.000000 0.000000 476386.737138 0.123514 0.000000 0.992343 4846293.970235 
0.992232 0.000000 -0.124399 4100185.164585 0.000000 1.000000 0.000000 476386.739981 0.124399 0.000000 0.992232 4846293.968658 
0.992107 0.000000 -0.125398 4100185.166300 0.000000 1.000000 0.000000 476386.743143 0.125398 0.000000 0.992107 4846293.966908 
0.992014 0.000000 -0.126129 4100185.168014 0.000000 1.000000 0.000000 476386.746306 0.126129 0.000000 0.992014 4846293.965159 
0.991919 0.000000 -0.126874 4100185.169896 0.000000 1.000000 0.000000 476386.749788 0.126874 0.000000 0.991919 4846293.963237 
0.991843 0.000000 -0.127462 4100185.171777 0.000000 1.000000 0.000000 476386.753271 0.127462 0.000000 0.991843 4846293.961317 
0.991771 0.000000 -0.128027 4100185.173827 0.000000 1.000000 0.000000 476386.757073 0.128027 0.000000 0.991771 4846293.959223 
0.991710 0.000000 -0.128493 4100185.175876 0.000000 1.000000 0.000000 476386.760876 0.128493 0.000000 0.991710 4846293.957130 
0.991654 0.000000 -0.128925 4100185.178094 0.000000 1.000000 0.000000 476386.764997 0.128925 0.000000 0.991654 4846293.954863 
0.991607 0.000000 -0.129291 4100185.180310 0.000000 1.000000 0.000000 476386.769119 0.129291 0.000000 0.991607 4846293.952598 
0.991563 0.000000 -0.129623 4100185.182696 0.000000 1.000000 0.000000 476386.773560 0.129623 0.000000 0.991563 4846293.950159 
0.991526 0.000000 -0.129910 4100185.185081 0.000000 1.000000 0.000000 476386.778002 0.129910 0.000000 0.991526 4846293.947721 
0.991492 0.000000 -0.130166 4100185.187635 0.000000 1.000000 0.000000 476386.782762 0.130166 0.000000 0.991492 4846293.945110 
0.991463 0.000000 -0.130390 4100185.190189 0.000000 1.000000 0.000000 476386.787522 0.130390 0.000000 0.991463 4846293.942499 
0.991437 0.000000 -0.130589 4100185.192912 0.000000 1.000000 0.000000 476386.792601 0.130589 0.000000 0.991437 4846293.939715 
0.991414 0.000000 -0.130762 4100185.195634 0.000000 1.000000 0.000000 476386.797681 0.130762 0.000000 0.991414 4846293.936931 
0.991393 0.000000 -0.130916 4100185.198526 0.000000 1.000000 0.000000 476386.803078 0.130916 0.000000 0.991393 4846293.933974 
0.991376 0.000000 -0.131052 4100185.201417 0.000000 1.000000 0.000000 476386.808476 0.131052 0.000000 0.991376 4846293.931018 
0.991360 0.000000 -0.131171 4100185.204477 0.000000 1.000000 0.000000 476386.814193 0.131171 0.000000 0.991360 4846293.927888 
0.991346 0.000000 -0.131276 4100185.207537 0.000000 1.000000 0.000000 476386.819909 0.131276 0.000000 0.991346 4846293.924758 
0.991334 0.000000 -0.131369 4100185.210767 0.000000 1.000000 0.000000 476386.825944 0.131369 0.000000 0.991334 4846293.921454 
0.991323 0.000000 -0.131451 4100185.213996 0.000000 1.000000 0.000000 476386.831979 0.131451 0.000000 0.991323 4846293.918151 
0.991313 0.000000 -0.131523 4100185.217395 0.000000 1.000000 0.000000 476386.838332 0.131523 0.000000 0.991313 4846293.914675 
0.991305 0.000000 -0.131586 4100185.220793 0.000000 1.000000 0.000000 476386.844686 0.131586 0.000000 0.991305 4846293.911198 
0.991297 0.000000 -0.131642 4100185.224361 0.000000 1.000000 0.000000 476386.851357 0.131642 0.000000 0.991297 4846293.907549 
0.991291 0.000000 -0.131691 4100185.227929 0.000000 1.000000 0.000000 476386.858028 0.131691 0.000000 0.991291 4846293.903899 
0.991285 0.000000 -0.131735 4100185.231667 0.000000 1.000000 0.000000 476386.865018 0.131735 0.000000 0.991285 4846293.900075 
0.991280 0.000000 -0.131773 4100185.235404 0.000000 1.000000 0.000000 476386.872008 0.131773 0.000000 0.991280 4846293.896252 
0.991275 0.000000 -0.131807 4100185.239311 0.000000 1.000000 0.000000 476386.879315 0.131807 0.000000 0.991275 4846293.892255 
0.991271 0.000000 -0.131836 4100185.243217 0.000000 1.000000 0.000000 476386.886623 0.131836 0.000000 0.991271 4846293.888259 
0.991268 0.000000 -0.131863 4100185.247294 0.000000 1.000000 0.000000 476386.894249 0.131863 0.000000 0.991268 4846293.884088 
0.991265 0.000000 -0.131886 4100185.251370 0.000000 1.000000 0.000000 476386.901875 0.131886 0.000000 0.991265 4846293.879918 
0.991262 0.000000 -0.131906 4100185.255616 0.000000 1.000000 0.000000 476386.909818 0.131906 0.000000 0.991262 4846293.875574 
0.991260 0.000000 -0.131924 4100185.259862 0.000000 1.000000 0.000000 476386.917762 0.131924 0.000000 0.991260 4846293.871230 
0.991258 0.000000 -0.131940 4100185.264278 0.000000 1.000000 0.000000 476386.926024 0.131940 0.000000 0.991258 4846293.866713 
0.991256 0.000000 -0.131954 4100185.268693 0.000000 1.000000 0.000000 476386.934285 0.131954 0.000000 0.991256 4846293.862196 
0.991254 0.000000 -0.131966 4100185.273278 0.000000 1.000000 0.000000 476386.942865 0.131966 0.000000 0.991254 4846293.857504 
0.991253 0.000000 -0.131977 4100185.277864 0.000000 1.000000 0.000000 476386.951445 0.131977 0.000000 0.991253 4846293.852813 
0.991252 0.000000 -0.131986 4100185.282619 0.000000 1.000000 0.000000 476386.960342 0.131986 0.000000 0.991252 4846293.847949 
0.991250 0.000000 -0.131995 4100185.287373 0.000000 1.000000 0.000000 476386.969240 0.131995 0.000000 0.991250 4846293.843084 
0.991249 0.000000 -0.132002 4100185.292298 0.000000 1.000000 0.000000 476386.978455 0.132002 0.000000 0.991249 4846293.838046 
0.991249 0.000000 -0.132009 4100185.297223 0.000000 1.000000 0.000000 476386.987670 0.132009 0.000000 0.991249 4846293.833007 
0.991248 0.000000 -0.132015 4100185.302317 0.000000 1.000000 0.000000 476386.997204 0.132015 0.000000 0.991248 4846293.827795 
0.991247 0.000000 -0.132020 4100185.307411 0.000000 1.000000 0.000000 476387.006737 0.132020 0.000000 0.991247 4846293.822583 
0.991247 0.000000 -0.132024 4100185.312676 0.000000 1.000000 0.000000 476387.016588 0.132024 0.000000 0.991247 4846293.817198 
0.991246 0.000000 -0.132028 4100185.317940 0.000000 1.000000 0.000000 476387.026439 0.132028 0.000000 0.991246 4846293.811812 
0.991246 0.000000 -0.132032 4100185.323373 0.000000 1.000000 0.000000 476387.036608 0.132032 0.000000 0.991246 4846293.806252 
0.991245 0.000000 -0.132035 4100185.328807 0.000000 1.000000 0.000000 476387.046777 0.132035 0.000000 0.991245 4846293.800693 
0.991245 0.000000 -0.132037 4100185.334411 0.000000 1.000000 0.000000 476387.057263 0.132037 0.000000 0.991245 4846293.794960 
0.991244 0.000000 -0.132040 4100185.340014 0.000000 1.000000 0.000000 476387.067750 0.132040 0.000000 0.991244 4846293.789227 
0.991244 0.000000 -0.132042 4100185.345788 0.000000 1.000000 0.000000 476387.078555 0.132042 0.000000 0.991244 4846293.783320 
0.991244 0.000000 -0.132044 4100185.351561 0.000000 1.000000 0.000000 476387.089359 0.132044 0.000000 0.991244 4846293.777413 
0.991244 0.000000 -0.132045 4100185.357504 0.000000 1.000000 0.000000 476387.100482 0.132045 0.000000 0.991244 4846293.771333 
0.991243 0.000000 -0.132047 4100185.363447 0.000000 1.000000 0.000000 476387.111604 0.132047 0.000000 0.991243 4846293.765252 
0.991243 0.000000 -0.132048 4100185.369560 0.000000 1.000000 0.000000 476387.123044 0.132048 0.000000 0.991243 4846293.758998 
0.991243 0.000000 -0.132049 4100185.375673 0.000000 1.000000 0.000000 476387.134484 0.132049 0.000000 0.991243 4846293.752744 
0.991243 0.000000 -0.132050 4100185.381956 0.000000 1.000000 0.000000 476387.146242 0.132050 0.000000 0.991243 4846293.746316 
0.991243 0.000000 -0.132051 4100185.388239 0.000000 1.000000 0.000000 476387.158000 0.132051 0.000000 0.991243 4846293.739888 
0.991243 0.000000 -0.132052 4100185.394691 0.000000 1.000000 0.000000 476387.170076 0.132052 0.000000 0.991243 4846293.733286 
0.991243 0.000000 -0.132052 4100185.401144 0.000000 1.000000 0.000000 476387.182152 0.132052 0.000000 0.991243 4846293.726685 
0.991243 0.000000 -0.132053 4100185.407766 0.000000 1.000000 0.000000 476387.194545 0.132053 0.000000 0.991243 4846293.719909 
0.991243 0.000000 -0.132054 4100185.414388 0.000000 1.000000 0.000000 476387.206939 0.132054 0.000000 0.991243 4846293.713134 
0.991243 0.000000 -0.132054 4100185.421180 0.000000 1.000000 0.000000 476387.219650 0.132054 0.000000 0.991243 4846293.706185 
0.991242 0.000000 -0.132054 4100185.427972 0.000000 1.000000 0.000000 476387.232361 0.132054 0.000000 0.991242 4846293.699236 
0.991242 0.000000 -0.132055 4100185.434934 0.000000 1.000000 0.000000 476387.245390 0.132055 0.000000 0.991242 4846293.692113 
0.991242 0.000000 -0.132055 4100185.441896 0.000000 1.000000 0.000000 476387.258420 0.132055 0.000000 0.991242 4846293.684990 
0.991242 0.000000 -0.132055 4100185.449028 0.000000 1.000000 0.000000 476387.271766 0.132055 0.000000 0.991242 4846293.677694 
0.991242 0.000000 -0.132056 4100185.456160 0.000000 1.000000 0.000000 476387.285113 0.132056 0.000000 0.991242 4846293.670397 
0.991242 0.000000 -0.132056 4100185.463461 0.000000 1.000000 0.000000 476387.298778 0.132056 0.000000 0.991242 4846293.662927 
0.991242 0.000000 -0.132056 4100185.470762 0.000000 1.000000 0.000000 476387.312443 0.132056 0.000000 0.991242 4846293.655456 
0.991242 0.000000 -0.132056 4100185.478234 0.000000 1.000000 0.000000 476387.326425 0.132056 0.000000 0.991242 4846293.647813 
0.991242 0.000000 -0.132056 4100185.485705 0.000000 1.000000 0.000000 476387.340408 0.132056 0.000000 0.991242 4846293.640169 
0.991242 0.000000 -0.132056 4100185.493346 0.000000 1.000000 0.000000 476387.354708 0.132056 0.000000 0.991242 4846293.632351 
0.991242 0.000000 -0.132057 4100185.500987 0.000000 1.000000 0.000000 476387.369008 0.132057 0.000000 0.991242 4846293.624533 
0.991242 0.000000 -0.132057 4100185.508798 0.000000 1.000000 0.000000 476387.383626 0.132057 0.000000 0.991242 4846293.616542 
0.991242 0.000000 -0.132057 4100185.516609 0.000000 1.000000 0.000000 476387.398244 0.132057 0.000000 0.991242 4846293.608550 
0.991242 0.000000 -0.132057 4100185.524589 0.000000 1.000000 0.000000 476387.413180 0.132057 0.000000 0.991242 4846293.600385 
0.991242 0.000000 -0.132057 4100185.532570 0.000000 1.000000 0.000000 476387.428116 0.132057 0.000000 0.991242 4846293.592220 
0.991242 0.000000 -0.132057 4100185.540721 0.000000 1.000000 0.000000 476387.443370 0.132057 0.000000 0.991242 4846293.583881 
0.991242 0.000000 -0.132057 4100185.548871 0.000000 1.000000 0.000000 476387.458623 0.132057 0.000000 0.991242 4846293.575542 
0.991242 0.000000 -0.132057 4100185.557191 0.000000 1.000000 0.000000 476387.474195 0.132057 0.000000 0.991242 4846293.567030 
0.991242 0.000000 -0.132057 4100185.565512 0.000000 1.000000 0.000000 476387.489766 0.132057 0.000000 0.991242 4846293.558517 
0.991242 0.000000 -0.132057 4100185.574002 0.000000 1.000000 0.000000 476387.505655 0.132057 0.000000 0.991242 4846293.549831 
0.991242 0.000000 -0.132057 4100185.582492 0.000000 1.000000 0.000000 476387.521545 0.132057 0.000000 0.991242 4846293.541144 
0.991242 0.000000 -0.132057 4100185.591152 0.000000 1.000000 0.000000 476387.537752 0.132057 0.000000 0.991242 4846293.532284 
0.991242 0.000000 -0.132057 4100185.599811 0.000000 1.000000 0.000000 476387.553959 0.132057 0.000000 0.991242 4846293.523424 
0.991242 0.000000 -0.132057 4100185.608556 0.000000 1.000000 0.000000 476387.570324 0.132057 0.000000 0.991242 4846293.514477 
0.991242 0.000000 -0.132057 4100185.617216 0.000000 1.000000 0.000000 476387.586531 0.132057 0.000000 0.991242 4846293.505617 
0.991242 0.000000 -0.132057 4100185.625961 0.000000 1.000000 0.000000 476387.602897 0.132057 0.000000 0.991242 4846293.496670 
0.991242 0.000000 -0.132057 4100185.634621 0.000000 1.000000 0.000000 476387.619104 0.132057 0.000000 0.991242 4846293.487810 
0.991242 0.000000 -0.132057 4100185.643365 0.000000 1.000000 0.000000 476387.635470 0.132057 0.000000 0.991242 4846293.478863 
0.991242 0.000000 -0.132057 4100185.652025 0.000000 1.000000 0.000000 476387.651677 0.132057 0.000000 0.991242 4846293.470003 
0.991242 0.000000 -0.132057 4100185.660770 0.000000 1.000000 0.000000 476387.668043 0.132057 0.000000 0.991242 4846293.461056 
0.991242 0.000000 -0.132057 4100185.669430 0.000000 1.000000 0.000000 476387.684250 0.132057 0.000000 0.991242 4846293.452196 
0.991242 0.000000 -0.132057 4100185.678175 0.000000 1.000000 0.000000 476387.700616 0.132057 0.000000 0.991242 4846293.443249 
0.991242 0.000000 -0.132057 4100185.686834 0.000000 1.000000 0.000000 476387.716823 0.132057 0.000000 0.991242 4846293.434389 
0.991242 0.000000 -0.132057 4100185.695579 0.000000 1.000000 0.000000 476387.733189 0.132057 0.000000 0.991242 4846293.425442 
0.991242 0.000000 -0.132057 4100185.704239 0.000000 1.000000 0.000000 476387.749396 0.132057 0.000000 0.991242 4846293.416582 
0.991242 0.000000 -0.132057 4100185.712984 0.000000 1.000000 0.000000 476387.765762 0.132057 0.000000 0.991242 4846293.407635 
0.991242 0.000000 -0.132057 4100185.721644 0.000000 1.000000 0.000000 476387.781968 0.132057 0.000000 0.991242 4846293.398775 
0.991242 0.000000 -0.132057 4100185.730388 0.000000 1.000000 0.000000 476387.798334 0.132057 0.000000 0.991242 4846293.389828 
0.991242 0.000000 -0.132057 4100185.739048 0.000000 1.000000 0.000000 476387.814541 0.132057 0.000000 0.991242 4846293.380968 
0.991242 0.000000 -0.132057 4100185.747793 0.000000 1.000000 0.000000 476387.830907 0.132057 0.000000 0.991242 4846293.372021 
0.991242 0.000000 -0.132057 4100185.756453 0.000000 1.000000 0.000000 476387.847114 0.132057 0.000000 0.991242 4846293.363161 
0.991242 0.000000 -0.132057 4100185.765198 0.000000 1.000000 0.000000 476387.863480 0.132057 0.000000 0.991242 4846293.354215 
0.991242 0.000000 -0.132057 4100185.773858 0.000000 1.000000 0.000000 476387.879687 0.132057 0.000000 0.991242 4846293.345354 
0.991242 0.000000 -0.132057 4100185.782602 0.000000 1.000000 0.000000 476387.896053 0.132057 0.000000 0.991242 4846293.336408 
0.991242 0.000000 -0.132057 4100185.791262 0.000000 1.000000 0.000000 476387.912260 0.132057 0.000000 0.991242 4846293.327547 
0.991242 0.000000 -0.132057 4100185.800007 0.000000 1.000000 0.000000 476387.928626 0.132057 0.000000 0.991242 4846293.318601 
0.991242 0.000000 -0.132057 4100185.808667 0.000000 1.000000 0.000000 476387.944833 0.132057 0.000000 0.991242 4846293.309741 
0.991242 0.000000 -0.132057 4100185.817412 0.000000 1.000000 0.000000 476387.961199 0.132057 0.000000 0.991242 4846293.300794 
0.991242 0.000000 -0.132057 4100185.826071 0.000000 1.000000 0.000000 476387.977406 0.132057 0.000000 0.991242 4846293.291934 
0.991242 0.000000 -0.132057 4100185.834816 0.000000 1.000000 0.000000 476387.993772 0.132057 0.000000 0.991242 4846293.282987 
0.991242 0.000000 -0.132057 4100185.843476 0.000000 1.000000 0.000000 476388.009978 0.132057 0.000000 0.991242 4846293.274127 
0.991242 0.000000 -0.132057 4100185.852221 0.000000 1.000000 0.000000 476388.026344 0.132057 0.000000 0.991242 4846293.265180 
0.991242 0.000000 -0.132057 4100185.860881 0.000000 1.000000 0.000000 476388.042551 0.132057 0.000000 0.991242 4846293.256320 
0.991242 0.000000 -0.132057 4100185.869625 0.000000 1.000000 0.000000 476388.058917 0.132057 0.000000 0.991242 4846293.247373 
0.991242 0.000000 -0.132057 4100185.878285 0.000000 1.000000 0.000000 476388.075124 0.132057 0.000000 0.991242 4846293.238513 
0.991242 0.000000 -0.132057 4100185.887030 0.000000 1.000000 0.000000 476388.091490 0.132057 0.000000 0.991242 4846293.229566 
0.991242 0.000000 -0.132057 4100185.895690 0.000000 1.000000 0.000000 476388.107697 0.132057 0.000000 0.991242 4846293.220706 
0.991242 0.000000 -0.132057 4100185.904435 0.000000 1.000000 0.000000 476388.124063 0.132057 0.000000 0.991242 4846293.211759 
0.991242 0.000000 -0.132057 4100185.913094 0.000000 1.000000 0.000000 476388.140270 0.132057 0.000000 0.991242 4846293.202899 
0.991242 0.000000 -0.132057 4100185.921839 0.000000 1.000000 0.000000 476388.156636 0.132057 0.000000 0.991242 4846293.193952 
0.991242 0.000000 -0.132057 4100185.930499 0.000000 1.000000 0.000000 476388.172843 0.132057 0.000000 0.991242 4846293.185092 
0.991242 0.000000 -0.132057 4100185.939244 0.000000 1.000000 0.000000 476388.189209 0.132057 0.000000 0.991242 4846293.176145 
0.991242 0.000000 -0.132057 4100185.947904 0.000000 1.000000 0.000000 476388.205416 0.132057 0.000000 0.991242 4846293.167285 
0.991242 0.000000 -0.132057 4100185.956648 0.000000 1.000000 0.000000 476388.221782 0.132057 0.000000 0.991242 4846293.158338 
0.991242 0.000000 -0.132057 4100185.965308 0.000000 1.000000 0.000000 476388.237989 0.132057 0.000000 0.991242 4846293.149478 
0.991242 0.000000 -0.132057 4100185.974053 0.000000 1.000000 0.000000 476388.254354 0.132057 0.000000 0.991242 4846293.140531 
0.991242 0.000000 -0.132057 4100185.982713 0.000000 1.000000 0.000000 476388.270561 0.132057 0.000000 0.991242 4846293.131671 
0.991242 0.000000 -0.132057 4100185.991458 0.000000 1.000000 0.000000 476388.286927 0.132057 0.000000 0.991242 4846293.122724 
0.991242 0.000000 -0.132057 4100186.000118 0.000000 1.000000 0.000000 476388.303134 0.132057 0.000000 0.991242 4846293.113864 
0.991242 0.000000 -0.132057 4100186.008862 0.000000 1.000000 0.000000 476388.319500 0.132057 0.000000 0.991242 4846293.104917 
0.991242 0.000000 -0.132057 4100186.017522 0.000000 1.000000 0.000000 476388.335707 0.132057 0.000000 0.991242 4846293.096057 
0.991242 0.000000 -0.132057 4100186.026267 0.000000 1.000000 0.000000 476388.352073 0.132057 0.000000 0.991242 4846293.087110 
0.991242 0.000000 -0.132057 4100186.034927 0.000000 1.000000 0.000000 476388.368280 0.132057 0.000000 0.991242 4846293.078250 
0.991242 0.000000 -0.132057 4100186.043672 0.000000 1.000000 0.000000 476388.384646 0.132057 0.000000 0.991242 4846293.069303 
0.991242 0.000000 -0.132057 4100186.052331 0.000000 1.000000 0.000000 476388.400853 0.132057 0.000000 0.991242 4846293.060443 
0.991242 0.000000 -0.132057 4100186.061076 0.000000 1.000000 0.000000 476388.417219 0.132057 0.000000 0.991242 4846293.051496 
0.991242 0.000000 -0.132057 4100186.069736 0.000000 1.000000 0.000000 476388.433426 0.132057 0.000000 0.991242 4846293.042636 
0.991242 0.000000 -0.132057 4100186.078481 0.000000 1.000000 0.000000 476388.449792 0.132057 0.000000 0.991242 4846293.033689 
0.991242 0.000000 -0.132057 4100186.087141 0.000000 1.000000 0.000000 476388.465999 0.132057 0.000000 0.991242 4846293.024829 
0.991242 0.000000 -0.132057 4100186.095885 0.000000 1.000000 0.000000 476388.482364 0.132057 0.000000 0.991242 4846293.015882 
0.991242 0.000000 -0.132057 4100186.104545 0.000000 1.000000 0.000000 476388.498571 0.132057 0.000000 0.991242 4846293.007022 
0.991242 0.000000 -0.132057 4100186.113290 0.000000 1.000000 0.000000 476388.514937 0.132057 0.000000 0.991242 4846292.998075 
0.991242 0.000000 -0.132057 4100186.121950 0.000000 1.000000 0.000000 476388.531144 0.132057 0.000000 0.991242 4846292.989215 
0.991242 0.000000 -0.132057 4100186.130695 0.000000 1.000000 0.000000 476388.547510 0.132057 0.000000 0.991242 4846292.980268 
0.991242 0.000000 -0.132057 4100186.139354 0.000000 1.000000 0.000000 476388.563717 0.132057 0.000000 0.991242 4846292.971408 
0.991242 0.000000 -0.132057 4100186.148099 0.000000 1.000000 0.000000 476388.580083 0.132057 0.000000 0.991242 4846292.962461 
0.861569 0.000000 -0.507641 4100195.542299 0.000000 1.000000 0.000000 476404.888466 0.507641 0.000000 0.861569 4846262.529886 
0.750276 0.000000 -0.661125 4100195.542245 0.000000 1.000000 0.000000 476404.908973 0.661125 0.000000 0.750276 4846262.527929 
0.539838 0.000000 -0.841769 4100195.537896 0.000000 1.000000 0.000000 476404.928830 0.841769 0.000000 0.539838 4846262.529645 
0.389810 0.000000 -0.920896 4100195.531002 0.000000 1.000000 0.000000 476404.947838 0.920896 0.000000 0.389810 4846262.533583 
0.197979 0.000000 -0.980206 4100195.521499 0.000000 1.000000 0.000000 476404.964742 0.980206 0.000000 0.197979 4846262.539918 
0.056968 0.000000 -0.998376 4100195.510220 0.000000 1.000000 0.000000 476404.980018 0.998376 0.000000 0.056968 4846262.547905 
-0.092182 0.000000 -0.995742 4100195.497545 0.000000 1.000000 0.000000 476404.992954 0.995742 0.000000 -0.092182 4846262.557294 
-0.206197 0.000000 -0.978510 4100195.483764 0.000000 1.000000 0.000000 476405.004104 0.978510 0.000000 -0.206197 4846262.567787 
-0.315024 0.000000 -0.949084 4100195.469341 0.000000 1.000000 0.000000 476405.013154 0.949084 0.000000 -0.315024 4846262.579024 
-0.400778 0.000000 -0.916175 4100195.454276 0.000000 1.000000 0.000000 476405.020565 0.916175 0.000000 -0.400778 4846262.590960 
-0.478128 0.000000 -0.878290 4100195.439007 0.000000 1.000000 0.000000 476405.026244 0.878290 0.000000 -0.478128 4846262.603238 
-0.540440 0.000000 -0.841382 4100195.423378 0.000000 1.000000 0.000000 476405.030537 0.841382 0.000000 -0.540440 4846262.615953 
-0.594962 0.000000 -0.803754 4100195.407782 0.000000 1.000000 0.000000 476405.033461 0.803754 0.000000 -0.594962 4846262.628774 
-0.639612 0.000000 -0.768698 4100195.391985 0.000000 1.000000 0.000000 476405.035256 0.768698 0.000000 -0.639612 4846262.641874 
-0.678091 0.000000 -0.734978 4100195.376343 0.000000 1.000000 0.000000 476405.035994 0.734978 0.000000 -0.678091 4846262.654948 
-0.710006 0.000000 -0.704196 4100195.360581 0.000000 1.000000 0.000000 476405.035829 0.704196 0.000000 -0.710006 4846262.668210 
-0.737339 0.000000 -0.675522 4100195.345028 0.000000 1.000000 0.000000 476405.034860 0.675522 0.000000 -0.737339 4846262.681375 
-0.760244 0.000000 -0.649637 4100195.329391 0.000000 1.000000 0.000000 476405.033172 0.649637 0.000000 -0.760244 4846262.694680 
-0.779838 0.000000 -0.625981 4100195.313984 0.000000 1.000000 0.000000 476405.030880 0.625981 0.000000 -0.779838 4846262.707852 
-0.796400 0.000000 -0.604771 4100195.298505 0.000000 1.000000 0.000000 476405.028016 0.604771 0.000000 -0.796400 4846262.721140 
-0.810590 0.000000 -0.585614 4100195.283256 0.000000 1.000000 0.000000 476405.024701 0.585614 0.000000 -0.810590 4846262.734279 
-0.822672 0.000000 -0.568516 4100195.267935 0.000000 1.000000 0.000000 476405.020929 0.568516 0.000000 -0.822672 4846262.747523 
-0.833056 0.000000 -0.553189 4100195.252836 0.000000 1.000000 0.000000 476405.016825 0.553189 0.000000 -0.833056 4846262.760612 
-0.841952 0.000000 -0.539553 4100195.237658 0.000000 1.000000 0.000000 476405.012354 0.539553 0.000000 -0.841952 4846262.773804 
-0.849624 0.000000 -0.527389 4100195.222692 0.000000 1.000000 0.000000 476405.007641 0.527389 0.000000 -0.849624 4846262.786841 
-0.856231 0.000000 -0.516593 4100195.207639 0.000000 1.000000 0.000000 476405.002629 0.516593 0.000000 -0.856231 4846262.799981 
-0.861950 0.000000 -0.506994 4100195.192787 0.000000 1.000000 0.000000 476404.997445 0.506994 0.000000 -0.861950 4846262.812969 
-0.866897 0.000000 -0.498488 4100195.177838 0.000000 1.000000 0.000000 476404.992016 0.498488 0.000000 -0.866897 4846262.826061 
-0.871192 0.000000 -0.490943 4100195.163079 0.000000 1.000000 0.000000 476404.986469 0.490943 0.000000 -0.871192 4846262.839006 
-0.874921 0.000000 -0.484266 4100195.148216 0.000000 1.000000 0.000000 476404.980717 0.484266 0.000000 -0.874921 4846262.852058 
-0.878168 0.000000 -0.478352 4100195.133534 0.000000 1.000000 0.000000 476404.974889 0.478352 0.000000 -0.878168 4846262.864967 
-0.880996 0.000000 -0.473123 4100195.118740 0.000000 1.000000 0.000000 476404.968887 0.473123 0.000000 -0.880996 4846262.877985 
-0.883465 0.000000 -0.468498 4100195.104119 0.000000 1.000000 0.000000 476404.962841 0.468498 0.000000 -0.883465 4846262.890863 
-0.885620 0.000000 -0.464411 4100195.089380 0.000000 1.000000 0.000000 476404.956645 0.464411 0.000000 -0.885620 4846262.903853 
-0.887505 0.000000 -0.460799 4100195.074808 0.000000 1.000000 0.000000 476404.950431 0.460799 0.000000 -0.887505 4846262.916706 
-0.889154 0.000000 -0.457609 4100195.060114 0.000000 1.000000 0.000000 476404.944086 0.457609 0.000000 -0.889154 4846262.929674 
-0.890598 0.000000 -0.454791 4100195.045581 0.000000 1.000000 0.000000 476404.937740 0.454791 0.000000 -0.890598 4846262.942507 
-0.891864 0.000000 -0.452304 4100195.030922 0.000000 1.000000 0.000000 476404.931279 0.452304 0.000000 -0.891864 4846262.955458 
-0.892974 0.000000 -0.450108 4100195.016419 0.000000 1.000000 0.000000 476404.924832 0.450108 0.000000 -0.892974 4846262.968275 
-0.893948 0.000000 -0.448170 4100195.001787 0.000000 1.000000 0.000000 476404.918280 0.448170 0.000000 -0.893948 4846262.981211 
-0.894804 0.000000 -0.446459 4100194.987309 0.000000 1.000000 0.000000 476404.911755 0.446459 0.000000 -0.894804 4846262.994016 
-0.895555 0.000000 -0.444950 4100194.972699 0.000000 1.000000 0.000000 476404.905133 0.444950 0.000000 -0.895555 4846263.006940 
-0.896216 0.000000 -0.443619 4100194.958239 0.000000 1.000000 0.000000 476404.898547 0.443619 0.000000 -0.896216 4846263.019735 
-0.896796 0.000000 -0.442444 4100194.943646 0.000000 1.000000 0.000000 476404.891870 0.442444 0.000000 -0.896796 4846263.032651 
-0.897307 0.000000 -0.441408 4100194.929201 0.000000 1.000000 0.000000 476404.885237 0.441408 0.000000 -0.897307 4846263.045438 
-0.897756 0.000000 -0.440494 4100194.914621 0.000000 1.000000 0.000000 476404.878518 0.440494 0.000000 -0.897756 4846263.058347 
-0.898151 0.000000 -0.439688 4100194.900188 0.000000 1.000000 0.000000 476404.871848 0.439688 0.000000 -0.898151 4846263.071127 
-0.898498 0.000000 -0.438977 4100194.885618 0.000000 1.000000 0.000000 476404.865096 0.438977 0.000000 -0.898498 4846263.084031 
-0.898804 0.000000 -0.438350 4100194.871194 0.000000 1.000000 0.000000 476404.858397 0.438350 0.000000 -0.898804 4846263.096807 
-0.899074 0.000000 -0.437797 4100194.856632 0.000000 1.000000 0.000000 476404.851620 0.437797 0.000000 -0.899074 4846263.109706 
-0.899311 0.000000 -0.437309 4100194.842215 0.000000 1.000000 0.000000 476404.844899 0.437309 0.000000 -0.899311 4846263.122478 
-0.899520 0.000000 -0.436879 4100194.827659 0.000000 1.000000 0.000000 476404.838102 0.436879 0.000000 -0.899520 4846263.135374 
-0.899704 0.000000 -0.436500 4100194.813247 0.000000 1.000000 0.000000 476404.831364 0.436500 0.000000 -0.899704 4846263.148143 
-0.899866 0.000000 -0.436166 4100194.798697 0.000000 1.000000 0.000000 476404.824552 0.436166 0.000000 -0.899866 4846263.161036 
-0.900009 0.000000 -0.435871 4100194.784289 0.000000 1.000000 0.000000 476404.817800 0.435871 0.000000 -0.900009 4846263.173803 
-0.900135 0.000000 -0.435611 4100194.769743 0.000000 1.000000 0.000000 476404.810976 0.435611 0.000000 -0.900135 4846263.186695 
-0.900246 0.000000 -0.435382 4100194.755338 0.000000 1.000000 0.000000 476404.804213 0.435382 0.000000 -0.900246 4846263.199460 
-0.900343 0.000000 -0.435180 4100194.740795 0.000000 1.000000 0.000000 476404.797380 0.435180 0.000000 -0.900343 4846263.212349 
-0.900429 0.000000 -0.435002 4100194.726393 0.000000 1.000000 0.000000 476404.790609 0.435002 0.000000 -0.900429 4846263.225113 
-0.900505 0.000000 -0.434845 4100194.711851 0.000000 1.000000 0.000000 476404.783769 0.434845 0.000000 -0.900505 4846263.238002 
-0.900572 0.000000 -0.434706 4100194.697452 0.000000 1.000000 0.000000 476404.776992 0.434706 0.000000 -0.900572 4846263.250764 
-0.900631 0.000000 -0.434584 4100194.682912 0.000000 1.000000 0.000000 476404.770146 0.434584 0.000000 -0.900631 4846263.263652 
-0.900683 0.000000 -0.434477 4100194.668514 0.000000 1.000000 0.000000 476404.763364 0.434477 0.000000 -0.900683 4846263.276414 
-0.900729 0.000000 -0.434382 4100194.653976 0.000000 1.000000 0.000000 476404.756514 0.434382 0.000000 -0.900729 4846263.289301 
-0.900769 0.000000 -0.434298 4100194.639579 0.000000 1.000000 0.000000 476404.749728 0.434298 0.000000 -0.900769 4846263.302062 
-0.900805 0.000000 -0.434224 4100194.625042 0.000000 1.000000 0.000000 476404.742875 0.434224 0.000000 -0.900805 4846263.314948 
-0.900836 0.000000 -0.434159 4100194.610646 0.000000 1.000000 0.000000 476404.736086 0.434159 0.000000 -0.900836 4846263.327709 
-0.900864 0.000000 -0.434102 4100194.596109 0.000000 1.000000 0.000000 476404.729230 0.434102 0.000000 -0.900864 4846263.340594 
-0.900888 0.000000 -0.434052 4100194.581714 0.000000 1.000000 0.000000 476404.722439 0.434052 0.000000 -0.900888 4846263.353355 
-0.900910 0.000000 -0.434007 4100194.567179 0.000000 1.000000 0.000000 476404.715581 0.434007 0.000000 -0.900910 4846263.366240 
-0.900928 0.000000 -0.433968 4100194.552784 0.000000 1.000000 0.000000 476404.708788 0.433968 0.000000 -0.900928 4846263.379000 
-0.900945 0.000000 -0.433933 4100194.538249 0.000000 1.000000 0.000000 476404.701928 0.433933 0.000000 -0.900945 4846263.391885 
-0.900960 0.000000 -0.433902 4100194.523855 0.000000 1.000000 0.000000 476404.695134 0.433902 0.000000 -0.900960 4846263.404645 
-0.900973 0.000000 -0.433876 4100194.509320 0.000000 1.000000 0.000000 476404.688273 0.433876 0.000000 -0.900973 4846263.417530 
-0.900984 0.000000 -0.433852 4100194.494926 0.000000 1.000000 0.000000 476404.681478 0.433852 0.000000 -0.900984 4846263.430290 
-0.900994 0.000000 -0.433831 4100194.480392 0.000000 1.000000 0.000000 476404.674615 0.433831 0.000000 -0.900994 4846263.443174 
-0.901003 0.000000 -0.433812 4100194.465998 0.000000 1.000000 0.000000 476404.667819 0.433812 0.000000 -0.901003 4846263.455934 
-0.901011 0.000000 -0.433796 4100194.451464 0.000000 1.000000 0.000000 476404.660957 0.433796 0.000000 -0.901011 4846263.468818 
-0.901018 0.000000 -0.433782 4100194.437071 0.000000 1.000000 0.000000 476404.654160 0.433782 0.000000 -0.901018 4846263.481578 
-0.901024 0.000000 -0.433769 4100194.422536 0.000000 1.000000 0.000000 476404.647296 0.433769 0.000000 -0.901024 4846263.494462 
-0.901029 0.000000 -0.433758 4100194.408143 0.000000 1.000000 0.000000 476404.640499 0.433758 0.000000 -0.901029 4846263.507221 
-0.901034 0.000000 -0.433748 4100194.393609 0.000000 1.000000 0.000000 476404.633635 0.433748 0.000000 -0.901034 4846263.520106 
-0.901038 0.000000 -0.433740 4100194.379216 0.000000 1.000000 0.000000 476404.626838 0.433740 0.000000 -0.901038 4846263.532865 
-0.901042 0.000000 -0.433732 4100194.364682 0.000000 1.000000 0.000000 476404.619974 0.433732 0.000000 -0.901042 4846263.545749 
-0.901045 0.000000 -0.433725 4100194.350290 0.000000 1.000000 0.000000 476404.613176 0.433725 0.000000 -0.901045 4846263.558509 
-0.901048 0.000000 -0.433719 4100194.335756 0.000000 1.000000 0.000000 476404.606311 0.433719 0.000000 -0.901048 4846263.571393 
-0.901051 0.000000 -0.433714 4100194.321363 0.000000 1.000000 0.000000 476404.599513 0.433714 0.000000 -0.901051 4846263.584152 
-0.901053 0.000000 -0.433709 4100194.306829 0.000000 1.000000 0.000000 476404.592648 0.433709 0.000000 -0.901053 4846263.597036 
-0.901055 0.000000 -0.433705 4100194.292437 0.000000 1.000000 0.000000 476404.585850 0.433705 0.000000 -0.901055 4846263.609795 
-0.901056 0.000000 -0.433702 4100194.277903 0.000000 1.000000 0.000000 476404.578985 0.433702 0.000000 -0.901056 4846263.622680 
-0.901058 0.000000 -0.433699 4100194.263510 0.000000 1.000000 0.000000 476404.572187 0.433699 0.000000 -0.901058 4846263.635439 
-0.901059 0.000000 -0.433696 4100194.248976 0.000000 1.000000 0.000000 476404.565322 0.433696 0.000000 -0.901059 4846263.648323 
-0.901061 0.000000 -0.433693 4100194.234584 0.000000 1.000000 0.000000 476404.558523 0.433693 0.000000 -0.901061 4846263.661082 
-0.901062 0.000000 -0.433691 4100194.220050 0.000000 1.000000 0.000000 476404.551658 0.433691 0.000000 -0.901062 4846263.673966 
-0.901062 0.000000 -0.433689 4100194.205658 0.000000 1.000000 0.000000 476404.544860 0.433689 0.000000 -0.901062 4846263.686725 
-0.901063 0.000000 -0.433688 4100194.191124 0.000000 1.000000 0.000000 476404.537994 0.433688 0.000000 -0.901063 4846263.699609 
-0.901064 0.000000 -0.433686 4100194.176731 0.000000 1.000000 0.000000 476404.531196 0.433686 0.000000 -0.901064 4846263.712368 
-0.901065 0.000000 -0.433685 4100194.162198 0.000000 1.000000 0.000000 476404.524330 0.433685 0.000000 -0.901065 4846263.725253 
-0.901065 0.000000 -0.433684 4100194.147805 0.000000 1.000000 0.000000 476404.517532 0.433684 0.000000 -0.901065 4846263.738012 
-0.901066 0.000000 -0.433683 4100194.133272 0.000000 1.000000 0.000000 476404.510666 0.433683 0.000000 -0.901066 4846263.750896 
-0.901066 0.000000 -0.433682 4100194.118879 0.000000 1.000000 0.000000 476404.503868 0.433682 0.000000 -0.901066 4846263.763655 
-0.901066 0.000000 -0.433681 4100194.104346 0.000000 1.000000 0.000000 476404.497002 0.433681 0.000000 -0.901066 4846263.776539 
-0.901067 0.000000 -0.433680 4100194.089953 0.000000 1.000000 0.000000 476404.490203 0.433680 0.000000 -0.901067 4846263.789298 
-0.901067 0.000000 -0.433680 4100194.075419 0.000000 1.000000 0.000000 476404.483338 0.433680 0.000000 -0.901067 4846263.802182 
-0.901067 0.000000 -0.433679 4100194.061027 0.000000 1.000000 0.000000 476404.476539 0.433679 0.000000 -0.901067 4846263.814941 
-0.901068 0.000000 -0.433679 4100194.046493 0.000000 1.000000 0.000000 476404.469674 0.433679 0.000000 -0.901068 4846263.827825 
-0.901068 0.000000 -0.433678 4100194.032101 0.000000 1.000000 0.000000 476404.462875 0.433678 0.000000 -0.901068 4846263.840584 
-0.901068 0.000000 -0.433678 4100194.017567 0.000000 1.000000 0.000000 476404.456009 0.433678 0.000000 -0.901068 4846263.853468 
-0.901068 0.000000 -0.433678 4100194.003175 0.000000 1.000000 0.000000 476404.449211 0.433678 0.000000 -0.901068 4846263.866227 
-0.901068 0.000000 -0.433677 4100193.988641 0.000000 1.000000 0.000000 476404.442345 0.433677 0.000000 -0.901068 4846263.879111 
-0.901068 0.000000 -0.433677 4100193.974249 0.000000 1.000000 0.000000 476404.435546 0.433677 0.000000 -0.901068 4846263.891870 
-0.901069 0.000000 -0.433677 4100193.959715 0.000000 1.000000 0.000000 476404.428681 0.433677 0.000000 -0.901069 4846263.904755 
-0.901069 0.000000 -0.433677 4100193.945323 0.000000 1.000000 0.000000 476404.421882 0.433677 0.000000 -0.901069 4846263.917514 
-0.901069 0.000000 -0.433676 4100193.930789 0.000000 1.000000 0.000000 476404.415016 0.433676 0.000000 -0.901069 4846263.930398 
-0.901069 0.000000 -0.433676 4100193.916397 0.000000 1.000000 0.000000 476404.408218 0.433676 0.000000 -0.901069 4846263.943157 
-0.901069 0.000000 -0.433676 4100193.901863 0.000000 1.000000 0.000000 476404.401352 0.433676 0.000000 -0.901069 4846263.956041 
-0.901069 0.000000 -0.433676 4100193.887471 0.000000 1.000000 0.000000 476404.394553 0.433676 0.000000 -0.901069 4846263.968800 
-0.901069 0.000000 -0.433676 4100193.872937 0.000000 1.000000 0.000000 476404.387688 0.433676 0.000000 -0.901069 4846263.981684 
-0.901069 0.000000 -0.433676 4100193.858545 0.000000 1.000000 0.000000 476404.380889 0.433676 0.000000 -0.901069 4846263.994443 
-0.901069 0.000000 -0.433676 4100193.844011 0.000000 1.000000 0.000000 476404.374023 0.433676 0.000000 -0.901069 4846264.007327 
-0.901069 0.000000 -0.433676 4100193.829619 0.000000 1.000000 0.000000 476404.367225 0.433676 0.000000 -0.901069 4846264.020086 
-0.901069 0.000000 -0.433676 4100193.815085 0.000000 1.000000 0.000000 476404.360359 0.433676 0.000000 -0.901069 4846264.032970 
-0.901069 0.000000 -0.433676 4100193.800693 0.000000 1.000000 0.000000 476404.353560 0.433676 0.000000 -0.901069 4846264.045729 
-0.901069 0.000000 -0.433675 4100193.786159 0.000000 1.000000 0.000000 476404.346695 0.433675 0.000000 -0.901069 4846264.058613 
-0.901069 0.000000 -0.433675 4100193.771767 0.000000 1.000000 0.000000 476404.339896 0.433675 0.000000 -0.901069 4846264.071372 
-0.901069 0.000000 -0.433675 4100193.757233 0.000000 1.000000 0.000000 476404.333030 0.433675 0.000000 -0.901069 4846264.084256 
-0.901069 0.000000 -0.433675 4100193.742841 0.000000 1.000000 0.000000 476404.326231 0.433675 0.000000 -0.901069 4846264.097015 
-0.901069 0.000000 -0.433675 4100193.728307 0.000000 1.000000 0.000000 476404.319366 0.433675 0.000000 -0.901069 4846264.109900 
-0.901069 0.000000 -0.433675 4100193.713915 0.000000 1.000000 0.000000 476404.312567 0.433675 0.000000 -0.901069 4846264.122659 
-0.901069 0.000000 -0.433675 4100193.699381 0.000000 1.000000 0.000000 476404.305702 0.433675 0.000000 -0.901069 4846264.135543 
-0.901069 0.000000 -0.433675 4100193.684988 0.000000 1.000000 0.000000 476404.298903 0.433675 0.000000 -0.901069 4846264.148302 
-0.901069 0.000000 -0.433675 4100193.670455 0.000000 1.000000 0.000000 476404.292037 0.433675 0.000000 -0.901069 4846264.161186 
-0.901069 0.000000 -0.433675 4100193.656062 0.000000 1.000000 0.000000 476404.285238 0.433675 0.000000 -0.901069 4846264.173945 
-0.901069 0.000000 -0.433675 4100193.641529 0.000000 1.000000 0.000000 476404.278373 0.433675 0.000000 -0.901069 4846264.186829 
-0.901069 0.000000 -0.433675 4100193.627136 0.000000 1.000000 0.000000 476404.271574 0.433675 0.000000 -0.901069 4846264.199588 
-0.901069 0.000000 -0.433675 4100193.612603 0.000000 1.000000 0.000000 476404.264708 0.433675 0.000000 -0.901069 4846264.212472 
-0.901069 0.000000 -0.433675 4100193.598210 0.000000 1.000000 0.000000 476404.257909 0.433675 0.000000 -0.901069 4846264.225231 
-0.901069 0.000000 -0.433675 4100193.583677 0.000000 1.000000 0.000000 476404.251044 0.433675 0.000000 -0.901069 4846264.238115 
-0.901069 0.000000 -0.433675 4100193.569284 0.000000 1.000000 0.000000 476404.244245 0.433675 0.000000 -0.901069 4846264.250874 
-0.901069 0.000000 -0.433675 4100193.554751 0.000000 1.000000 0.000000 476404.237380 0.433675 0.000000 -0.901069 4846264.263758 
-0.901069 0.000000 -0.433675 4100193.540358 0.000000 1.000000 0.000000 476404.230581 0.433675 0.000000 -0.901069 4846264.276517 
-0.901069 0.000000 -0.433675 4100193.525825 0.000000 1.000000 0.000000 476404.223715 0.433675 0.000000 -0.901069 4846264.289401 
-0.901069 0.000000 -0.433675 4100193.511432 0.000000 1.000000 0.000000 476404.216916 0.433675 0.000000 -0.901069 4846264.302160 
-0.901069 0.000000 -0.433675 4100193.496899 0.000000 1.000000 0.000000 476404.210051 0.433675 0.000000 -0.901069 4846264.315044 
-0.901069 0.000000 -0.433675 4100193.482506 0.000000 1.000000 0.000000 476404.203252 0.433675 0.000000 -0.901069 4846264.327803 
-0.901069 0.000000 -0.433675 4100193.467973 0.000000 1.000000 0.000000 476404.196386 0.433675 0.000000 -0.901069 4846264.340688 
